Time (seconds),x0,x1,x2,x3,x4,x5
0.0,1189,1185,0,1200,1202,0
0.01,1196,1185,0,1203,1202,0
0.023,1184,1185,0,1199,1202,0
0.035,1186,1185,0,1201,1202,0
0.048,1186,1185,0,1200,1202,0
0.059,1192,1185,0,1201,1202,0
0.07,1185,1185,0,1210,1202,0
0.08,1189,1185,0,1201,1202,0
0.092,1189,1185,0,1203,1202,0
0.104,1187,1185,0,1200,1202,0
0.117,1188,1185,0,1206,1202,0
0.129,1185,1185,0,1199,1202,0
0.142,1184,1185,0,1203,1202,0
0.154,1182,1185,0,1199,1202,0
0.165,1187,1185,0,1201,1202,0
0.177,1194,1185,0,1205,1202,0
0.188,1188,1185,0,1205,1202,0
0.2,1186,1185,0,1203,1202,0
0.214,1187,1185,0,1205,1202,0
0.226,1187,1185,0,1209,1202,0
0.239,1189,1185,0,1207,1202,0
0.251,1186,1185,0,1215,1202,0
0.263,1188,1185,0,1199,1202,0
0.274,1182,1185,0,1203,1202,0
0.283,1191,1185,0,1206,1202,0
0.293,1186,1185,0,1203,1202,0
0.305,1182,1185,0,1204,1202,0
0.316,1183,1185,0,1201,1202,0
0.328,1185,1185,0,1198,1202,0
0.338,1194,1185,0,1201,1202,0
0.346,1186,1185,0,1203,1202,0
0.355,1185,1185,0,1208,1202,0
0.364,1187,1185,0,1205,1202,0
0.373,1183,1185,0,1200,1202,0
0.383,1190,1185,0,1205,1202,0
0.392,1186,1185,0,1204,1202,0
0.4,1185,1185,0,1200,1202,0
0.408,1188,1185,0,1206,1202,0
0.415,1186,1185,0,1202,1202,0
0.423,1184,1185,0,1199,1202,0
0.431,1192,1185,0,1205,1202,0
0.439,1189,1185,0,1204,1202,0
0.446,1186,1185,0,1207,1202,0
0.455,1181,1185,0,1202,1202,0
0.463,1185,1185,0,1205,1202,0
0.47,1185,1185,0,1198,1202,0
0.478,1188,1185,0,1201,1202,0
0.486,1191,1185,0,1201,1202,0
0.494,1185,1185,0,1201,1202,0
0.503,1190,1185,0,1208,1202,0
0.511,1182,1185,0,1208,1202,0
0.519,1186,1185,0,1200,1202,0
0.528,1182,1185,0,1202,1202,0
0.536,1185,1185,0,1201,1202,0
0.545,1183,1185,0,1202,1202,0
0.555,1184,1185,0,1200,1202,0
0.565,1178,1185,0,1204,1202,0
0.574,1188,1185,0,1195,1202,0
0.583,1181,1185,0,1203,1202,0
0.591,1185,1185,0,1202,1202,0
0.6,1181,1185,0,1199,1202,0
0.612,1184,1185,0,1203,1202,0
0.622,1182,1185,0,1202,1202,0
0.635,1192,1185,0,1200,1202,0
0.647,1187,1185,0,1205,1202,0
0.658,1183,1185,0,1196,1202,0
0.67,1185,1185,0,1204,1202,0
0.682,1186,1185,0,1202,1202,0
0.695,1185,1185,0,1203,1202,0
0.708,1189,1185,0,1208,1202,0
0.719,1186,1185,0,1208,1202,0
0.729,1184,1185,0,1201,1202,0
0.74,1192,1185,0,1199,1202,0
0.749,1186,1185,0,1203,1202,0
0.76,1186,1185,0,1201,1202,0
0.77,1185,1185,0,1201,1202,0
0.782,1193,1185,0,1202,1202,0
0.794,1186,1185,0,1202,1202,0
0.806,1188,1185,0,1209,1202,0
0.819,1184,1185,0,1201,1202,0
0.831,1189,1185,0,1199,1202,0
0.84,1187,1185,0,1205,1202,0
0.849,1187,1185,0,1202,1202,0
0.858,1186,1185,0,1202,1202,0
0.866,1188,1185,0,1204,1202,0
0.876,1188,1185,0,1208,1202,0
0.887,1187,1185,0,1206,1202,0
0.899,1186,1185,0,1199,1202,0
0.91,1194,1185,0,1211,1202,0
0.922,1188,1185,0,1206,1202,0
0.933,1195,1185,0,1205,1202,0
0.943,1194,1186,0,1205,1202,0
0.956,1187,1186,0,1202,1202,0
0.967,1189,1186,0,1206,1202,0
0.979,1195,1186,0,1205,1202,0
0.992,1192,1186,0,1206,1202,0
1.005,1198,1186,0,1210,1202,0
1.014,1199,1186,0,1204,1202,0
1.023,1198,1186,0,1207,1202,0
1.034,1201,1186,0,1212,1202,0
1.043,1199,1186,0,1204,1202,0
1.052,1197,1186,0,1206,1202,0
1.062,1204,1186,0,1207,1202,0
1.074,1210,1186,0,1204,1202,0
1.085,1348,1186,162,1204,1202,0
1.097,1411,1186,225,1206,1202,0
1.108,1437,1186,251,1206,1202,0
1.12,1445,1186,259,1205,1202,0
1.131,1455,1186,269,1200,1202,0
1.143,1456,1186,270,1202,1202,0
1.154,1455,1186,269,1205,1202,0
1.164,1454,1186,268,1204,1202,0
1.177,1450,1186,264,1205,1202,0
1.19,1444,1186,258,1199,1202,0
1.202,1410,1186,224,1208,1202,0
1.214,1290,1186,104,1205,1202,0
1.224,1212,1186,0,1209,1202,0
1.234,1197,1186,0,1200,1202,0
1.246,1188,1186,0,1204,1202,0
1.255,1188,1186,0,1207,1202,0
1.266,1190,1186,0,1203,1202,0
1.278,1188,1186,0,1201,1202,0
1.289,1187,1186,0,1200,1202,0
1.302,1189,1186,0,1209,1202,0
1.315,1183,1186,0,1207,1202,0
1.326,1191,1186,0,1200,1202,0
1.338,1187,1186,0,1201,1202,0
1.353,1191,1186,0,1201,1202,0
1.366,1189,1186,0,1204,1202,0
1.378,1194,1186,0,1200,1202,0
1.388,1189,1186,0,1201,1202,0
1.398,1189,1186,0,1205,1202,0
1.408,1190,1186,0,1205,1202,0
1.418,1194,1186,0,1204,1202,0
1.429,1195,1186,0,1203,1202,0
1.441,1192,1186,0,1204,1202,0
1.451,1193,1186,0,1205,1202,0
1.463,1188,1186,0,1214,1202,0
1.476,1193,1186,0,1206,1202,0
1.488,1190,1186,0,1205,1202,0
1.501,1191,1186,0,1199,1202,0
1.513,1189,1186,0,1200,1202,0
1.526,1191,1186,0,1209,1202,0
1.539,1190,1186,0,1203,1202,0
1.551,1191,1186,0,1204,1202,0
1.565,1188,1186,0,1206,1202,0
1.578,1189,1186,0,1203,1202,0
1.59,1192,1186,0,1206,1202,0
1.602,1196,1187,0,1203,1202,0
1.613,1186,1187,0,1201,1202,0
1.625,1190,1187,0,1206,1202,0
1.634,1187,1187,0,1201,1202,0
1.642,1185,1187,0,1198,1202,0
1.653,1189,1187,0,1201,1202,0
1.665,1183,1187,0,1201,1202,0
1.675,1188,1187,0,1202,1202,0
1.685,1183,1186,0,1207,1202,0
1.697,1186,1186,0,1201,1202,0
1.709,1184,1186,0,1201,1202,0
1.718,1188,1186,0,1204,1202,0
1.729,1194,1187,0,1213,1202,0
1.739,1191,1187,0,1210,1202,0
1.748,1191,1187,0,1208,1202,0
1.758,1184,1187,0,1198,1202,0
1.769,1186,1187,0,1204,1202,0
1.78,1185,1186,0,1206,1202,0
1.79,1187,1186,0,1204,1202,0
1.8,1187,1186,0,1199,1202,0
1.809,1187,1186,0,1206,1202,0
1.819,1183,1186,0,1198,1202,0
1.829,1185,1186,0,1205,1202,0
1.838,1187,1186,0,1200,1202,0
1.847,1189,1186,0,1205,1202,0
1.856,1193,1187,0,1205,1202,0
1.865,1185,1186,0,1202,1202,0
1.875,1184,1186,0,1203,1202,0
1.888,1188,1186,0,1202,1202,0
1.9,1186,1186,0,1205,1202,0
1.914,1193,1187,0,1202,1202,0
1.93,1185,1186,0,1199,1202,0
1.94,1185,1186,0,1203,1202,0
1.951,1185,1186,0,1206,1202,0
1.963,1186,1186,0,1202,1202,0
1.976,1181,1186,0,1198,1202,0
1.991,1185,1186,0,1200,1202,0
2.005,1186,1186,0,1207,1202,0
2.018,1185,1186,0,1205,1202,0
2.032,1184,1186,0,1202,1202,0
2.044,1187,1186,0,1202,1202,0
2.056,1188,1186,0,1200,1202,0
2.069,1186,1186,0,1210,1202,0
2.081,1185,1186,0,1206,1202,0
2.094,1186,1186,0,1205,1202,0
2.106,1184,1186,0,1200,1202,0
2.117,1188,1186,0,1200,1202,0
2.129,1186,1186,0,1200,1202,0
2.144,1187,1186,0,1199,1202,0
2.154,1187,1186,0,1198,1202,0
2.165,1182,1186,0,1201,1202,0
2.177,1186,1186,0,1204,1202,0
2.19,1185,1186,0,1208,1202,0
2.203,1198,1186,0,1204,1202,0
2.214,1187,1186,0,1199,1202,0
2.225,1183,1186,0,1202,1202,0
2.234,1186,1186,0,1200,1202,0
2.245,1182,1186,0,1210,1202,0
2.256,1185,1186,0,1197,1202,0
2.267,1185,1186,0,1204,1202,0
2.28,1182,1186,0,1203,1202,0
2.293,1185,1186,0,1200,1202,0
2.305,1180,1186,0,1200,1202,0
2.317,1191,1186,0,1198,1202,0
2.33,1183,1186,0,1200,1202,0
2.343,1187,1186,0,1205,1202,0
2.356,1185,1186,0,1204,1202,0
2.368,1187,1186,0,1201,1202,0
2.381,1186,1186,0,1202,1202,0
2.394,1190,1186,0,1199,1202,0
2.406,1188,1186,0,1204,1202,0
2.417,1188,1186,0,1199,1202,0
2.428,1184,1186,0,1203,1202,0
2.438,1191,1186,0,1204,1202,0
2.448,1189,1186,0,1205,1202,0
2.462,1186,1186,0,1205,1202,0
2.474,1181,1186,0,1203,1202,0
2.487,1186,1186,0,1211,1202,0
2.498,1185,1186,0,1205,1202,0
2.511,1183,1186,0,1206,1202,0
2.523,1187,1186,0,1210,1202,0
2.533,1193,1186,0,1205,1202,0
2.542,1183,1186,0,1199,1202,0
2.55,1191,1186,0,1206,1202,0
2.562,1183,1186,0,1202,1202,0
2.572,1186,1186,0,1206,1202,0
2.582,1185,1186,0,1202,1202,0
2.59,1191,1186,0,1207,1202,0
2.598,1186,1186,0,1201,1202,0
2.606,1188,1186,0,1202,1202,0
2.616,1185,1186,0,1204,1202,0
2.623,1187,1186,0,1198,1202,0
2.63,1186,1186,0,1210,1202,0
2.637,1189,1186,0,1202,1202,0
2.644,1190,1186,0,1206,1202,0
2.652,1180,1186,0,1206,1202,0
2.659,1184,1186,0,1205,1202,0
2.667,1188,1186,0,1201,1202,0
2.678,1181,1186,0,1205,1202,0
2.684,1186,1186,0,1203,1202,0
2.692,1187,1186,0,1204,1202,0
2.698,1183,1186,0,1209,1202,0
2.706,1189,1186,0,1203,1202,0
2.713,1184,1186,0,1201,1202,0
2.719,1187,1186,0,1204,1202,0
2.727,1184,1186,0,1204,1202,0
2.734,1188,1186,0,1199,1202,0
2.741,1184,1186,0,1205,1202,0
2.749,1189,1186,0,1200,1202,0
2.757,1184,1186,0,1204,1202,0
2.765,1186,1186,0,1203,1202,0
2.773,1191,1186,0,1207,1202,0
2.781,1187,1186,0,1200,1202,0
2.789,1189,1186,0,1204,1202,0
2.796,1183,1186,0,1202,1202,0
2.803,1185,1186,0,1202,1202,0
2.81,1187,1186,0,1200,1202,0
2.817,1185,1186,0,1198,1202,0
2.825,1191,1186,0,1203,1202,0
2.832,1186,1186,0,1206,1202,0
2.838,1188,1186,0,1204,1202,0
2.846,1194,1186,0,1200,1202,0
2.855,1190,1186,0,1202,1202,0
2.864,1189,1186,0,1203,1202,0
2.874,1188,1186,0,1205,1202,0
2.884,1187,1186,0,1202,1202,0
2.893,1185,1186,0,1200,1202,0
2.901,1188,1186,0,1201,1202,0
2.911,1188,1186,0,1199,1202,0
2.924,1186,1186,0,1205,1202,0
2.935,1188,1186,0,1204,1202,0
2.947,1184,1186,0,1203,1202,0
2.96,1187,1186,0,1205,1202,0
2.972,1187,1186,0,1208,1202,0
2.985,1185,1186,0,1198,1202,0
2.998,1187,1186,0,1206,1202,0
3.009,1188,1186,0,1205,1202,0
3.022,1185,1186,0,1201,1202,0
3.033,1187,1186,0,1205,1202,0
3.044,1184,1186,0,1200,1202,0
3.058,1182,1186,0,1203,1202,0
3.071,1185,1186,0,1200,1202,0
3.082,1183,1186,0,1201,1202,0
3.095,1186,1186,0,1201,1202,0
3.107,1184,1186,0,1205,1202,0
3.119,1187,1186,0,1209,1202,0
3.133,1185,1186,0,1204,1202,0
3.146,1189,1186,0,1207,1202,0
3.155,1185,1186,0,1201,1202,0
3.168,1184,1186,0,1199,1202,0
3.181,1186,1186,0,1195,1202,0
3.194,1183,1186,0,1207,1202,0
3.207,1184,1186,0,1196,1202,0
3.221,1184,1186,0,1202,1202,0
3.233,1187,1186,0,1206,1202,0
3.245,1186,1186,0,1201,1202,0
3.268,1185,1186,0,1207,1202,0
3.277,1187,1186,0,1200,1202,0
3.29,1185,1186,0,1199,1202,0
3.303,1185,1186,0,1205,1202,0
3.315,1195,1186,0,1202,1202,0
3.327,1186,1186,0,1200,1202,0
3.341,1183,1186,0,1206,1202,0
3.354,1189,1186,0,1206,1202,0
3.364,1185,1186,0,1205,1202,0
3.376,1185,1186,0,1204,1202,0
3.389,1188,1186,0,1205,1202,0
3.402,1184,1186,0,1207,1202,0
3.415,1194,1186,0,1203,1202,0
3.427,1185,1186,0,1198,1202,0
3.441,1195,1186,0,1204,1202,0
3.453,1186,1186,0,1204,1202,0
3.466,1189,1186,0,1200,1202,0
3.491,1188,1186,0,1203,1202,0
3.505,1184,1186,0,1202,1202,0
3.517,1185,1186,0,1210,1202,0
3.53,1188,1186,0,1201,1202,0
3.542,1183,1186,0,1204,1202,0
3.553,1190,1186,0,1205,1202,0
3.563,1190,1186,0,1200,1202,0
3.575,1184,1186,0,1202,1202,0
3.586,1187,1186,0,1203,1202,0
3.6,1188,1186,0,1203,1202,0
3.612,1194,1186,0,1210,1202,0
3.621,1192,1186,0,1209,1202,0
3.635,1192,1186,0,1213,1202,0
3.648,1198,1186,0,1207,1202,0
3.663,1192,1186,0,1203,1202,0
3.676,1195,1186,0,1204,1202,0
3.688,1201,1186,0,1202,1202,0
3.7,1217,1186,0,1205,1202,0
3.712,1250,1186,64,1209,1202,0
3.726,1303,1186,117,1203,1202,0
3.739,1329,1186,143,1204,1202,0
3.753,1349,1186,163,1208,1202,0
3.769,1378,1186,192,1199,1202,0
3.781,1409,1186,223,1200,1202,0
3.794,1421,1186,235,1205,1202,0
3.807,1433,1186,247,1205,1202,0
3.821,1435,1186,249,1201,1202,0
3.835,1444,1186,258,1204,1202,0
3.847,1446,1186,260,1204,1202,0
3.861,1438,1186,252,1208,1202,0
3.875,1444,1186,258,1203,1202,0
3.89,1439,1186,253,1203,1202,0
3.903,1395,1186,209,1199,1202,0
3.914,1277,1186,91,1201,1202,0
3.925,1212,1187,0,1206,1202,0
3.939,1199,1187,0,1203,1202,0
3.949,1191,1187,0,1205,1202,0
3.958,1190,1187,0,1202,1202,0
3.968,1187,1187,0,1205,1202,0
3.979,1195,1187,0,1204,1202,0
3.989,1189,1187,0,1206,1202,0
4.001,1186,1187,0,1199,1202,0
4.014,1188,1187,0,1203,1202,0
4.026,1186,1187,0,1205,1202,0
4.037,1186,1187,0,1205,1202,0
4.049,1190,1187,0,1201,1202,0
4.06,1186,1187,0,1198,1202,0
4.071,1184,1187,0,1199,1202,0
4.083,1181,1187,0,1203,1202,0
4.096,1185,1187,0,1204,1202,0
4.111,1187,1187,0,1200,1202,0
4.123,1185,1187,0,1199,1202,0
4.135,1187,1187,0,1204,1202,0
4.149,1192,1187,0,1198,1202,0
4.162,1187,1187,0,1202,1202,0
4.175,1187,1187,0,1201,1202,0
4.189,1194,1187,0,1203,1202,0
4.202,1192,1187,0,1199,1202,0
4.215,1193,1187,0,1204,1202,0
4.229,1186,1187,0,1202,1202,0
4.24,1192,1187,0,1207,1202,0
4.251,1186,1187,0,1204,1202,0
4.263,1190,1187,0,1208,1202,0
4.276,1191,1187,0,1207,1202,0
4.287,1185,1187,0,1204,1202,0
4.298,1187,1187,0,1202,1202,0
4.308,1186,1187,0,1203,1202,0
4.32,1186,1187,0,1203,1202,0
4.333,1187,1187,0,1198,1202,0
4.347,1187,1187,0,1204,1202,0
4.36,1186,1187,0,1202,1202,0
4.374,1186,1187,0,1201,1202,0
4.388,1188,1187,0,1205,1202,0
4.399,1189,1187,0,1207,1202,0
4.413,1190,1187,0,1201,1202,0
4.426,1188,1187,0,1204,1202,0
4.441,1186,1187,0,1204,1202,0
4.456,1193,1187,0,1205,1202,0
4.468,1187,1187,0,1197,1202,0
4.48,1193,1187,0,1209,1202,0
4.492,1187,1187,0,1207,1202,0
4.506,1186,1187,0,1202,1202,0
4.52,1187,1187,0,1202,1202,0
4.533,1184,1187,0,1201,1202,0
4.546,1188,1187,0,1202,1202,0
4.559,1186,1187,0,1203,1202,0
4.572,1192,1187,0,1202,1202,0
4.585,1187,1187,0,1207,1202,0
4.598,1191,1187,0,1209,1202,0
4.611,1187,1187,0,1202,1202,0
4.627,1188,1187,0,1202,1202,0
4.641,1186,1187,0,1202,1202,0
4.649,1183,1187,0,1208,1202,0
4.663,1187,1187,0,1200,1202,0
4.677,1193,1187,0,1203,1202,0
4.687,1187,1187,0,1204,1202,0
4.701,1188,1187,0,1200,1202,0
4.715,1186,1187,0,1202,1202,0
4.727,1190,1187,0,1202,1202,0
4.741,1186,1187,0,1205,1202,0
4.751,1184,1187,0,1199,1202,0
4.76,1189,1187,0,1203,1202,0
4.769,1185,1187,0,1200,1202,0
4.777,1184,1186,0,1206,1202,0
4.785,1187,1186,0,1204,1202,0
4.791,1187,1186,0,1204,1202,0
4.798,1190,1187,0,1199,1202,0
4.807,1186,1187,0,1200,1202,0
4.816,1186,1186,0,1204,1202,0
4.823,1187,1186,0,1203,1202,0
4.831,1185,1186,0,1201,1202,0
4.839,1182,1186,0,1202,1202,0
4.847,1189,1186,0,1202,1202,0
4.855,1191,1186,0,1201,1202,0
4.864,1187,1186,0,1210,1202,0
4.873,1189,1187,0,1201,1202,0
4.882,1192,1187,0,1205,1202,0
4.889,1190,1187,0,1202,1202,0
4.898,1192,1187,0,1204,1202,0
4.905,1190,1187,0,1206,1202,0
4.913,1196,1187,0,1209,1202,0
4.92,1188,1187,0,1205,1202,0
4.927,1190,1187,0,1203,1202,0
4.934,1196,1187,0,1198,1202,0
4.943,1196,1187,0,1209,1202,0
4.95,1190,1187,0,1204,1202,0
4.961,1194,1187,0,1203,1202,0
4.972,1195,1187,0,1205,1202,0
4.982,1191,1187,0,1204,1202,0
4.992,1199,1187,0,1205,1202,0
5.002,1197,1187,0,1205,1202,0
5.011,1197,1187,0,1204,1202,0
5.022,1201,1187,0,1202,1202,0
5.033,1204,1187,0,1206,1202,0
5.046,1206,1187,0,1202,1202,0
5.059,1217,1187,0,1202,1202,0
5.072,1213,1187,0,1206,1202,0
5.084,1224,1187,0,1202,1202,0
5.099,1229,1187,42,1204,1202,0
5.111,1274,1187,87,1202,1202,0
5.124,1391,1187,204,1208,1202,0
5.138,1425,1187,238,1201,1202,0
5.151,1440,1187,253,1204,1202,0
5.163,1451,1187,264,1201,1202,0
5.175,1458,1187,271,1206,1202,0
5.186,1468,1187,281,1204,1202,0
5.199,1460,1187,273,1199,1202,0
5.212,1464,1187,277,1204,1202,0
5.225,1461,1187,274,1203,1202,0
5.237,1468,1187,281,1202,1202,0
5.252,1463,1187,276,1208,1202,0
5.264,1456,1187,269,1206,1202,0
5.277,1452,1187,265,1207,1202,0
5.288,1429,1187,242,1201,1202,0
5.298,1373,1187,186,1200,1202,0
5.307,1299,1187,112,1207,1202,0
5.318,1247,1187,60,1201,1202,0
5.327,1222,1188,0,1202,1202,0
5.337,1200,1188,0,1203,1202,0
5.346,1198,1188,0,1202,1202,0
5.358,1195,1188,0,1211,1202,0
5.368,1194,1188,0,1205,1202,0
5.378,1192,1188,0,1210,1202,0
5.389,1198,1188,0,1205,1202,0
5.4,1184,1188,0,1202,1202,0
5.411,1188,1188,0,1205,1202,0
5.422,1186,1188,0,1209,1202,0
5.435,1187,1188,0,1205,1202,0
5.447,1185,1188,0,1200,1202,0
5.459,1191,1188,0,1201,1202,0
5.472,1184,1188,0,1203,1202,0
5.485,1186,1188,0,1204,1202,0
5.499,1197,1188,0,1202,1202,0
5.512,1188,1188,0,1205,1202,0
5.524,1186,1188,0,1199,1202,0
5.536,1187,1188,0,1199,1202,0
5.548,1191,1188,0,1206,1202,0
5.561,1183,1188,0,1209,1202,0
5.572,1184,1188,0,1209,1202,0
5.585,1188,1188,0,1204,1202,0
5.598,1185,1188,0,1200,1202,0
5.611,1188,1188,0,1205,1202,0
5.621,1197,1188,0,1205,1202,0
5.633,1184,1188,0,1200,1202,0
5.646,1192,1188,0,1204,1202,0
5.656,1185,1188,0,1207,1202,0
5.668,1186,1188,0,1198,1202,0
5.677,1187,1188,0,1203,1202,0
5.689,1185,1188,0,1205,1202,0
5.702,1189,1188,0,1203,1202,0
5.715,1187,1188,0,1204,1202,0
5.73,1186,1187,0,1202,1202,0
5.744,1184,1187,0,1201,1202,0
5.759,1185,1187,0,1204,1202,0
5.772,1195,1187,0,1203,1202,0
5.781,1191,1188,0,1203,1202,0
5.791,1183,1187,0,1203,1202,0
5.802,1188,1187,0,1202,1202,0
5.812,1189,1187,0,1207,1202,0
5.823,1186,1187,0,1201,1202,0
5.833,1189,1187,0,1208,1202,0
5.843,1186,1187,0,1211,1202,0
5.854,1186,1187,0,1209,1203,0
5.867,1192,1187,0,1206,1203,0
5.876,1188,1187,0,1204,1203,0
5.885,1187,1187,0,1208,1203,0
5.896,1182,1187,0,1202,1203,0
5.907,1186,1187,0,1201,1203,0
5.918,1186,1187,0,1201,1203,0
5.927,1187,1187,0,1204,1203,0
5.938,1187,1187,0,1211,1203,0
5.949,1196,1187,0,1203,1203,0
5.958,1185,1187,0,1208,1203,0
5.968,1184,1187,0,1202,1203,0
5.977,1189,1187,0,1210,1203,0
5.992,1183,1187,0,1209,1203,0
6.01,1189,1187,0,1204,1203,0
6.022,1191,1187,0,1204,1203,0
6.035,1188,1187,0,1204,1203,0
6.046,1184,1187,0,1204,1203,0
6.058,1185,1187,0,1200,1203,0
6.071,1187,1187,0,1203,1203,0
6.084,1184,1187,0,1202,1203,0
6.097,1187,1187,0,1204,1203,0
6.108,1195,1187,0,1206,1203,0
6.116,1190,1187,0,1208,1203,0
6.125,1188,1187,0,1201,1203,0
6.135,1188,1187,0,1205,1203,0
6.146,1185,1187,0,1205,1203,0
6.158,1187,1187,0,1202,1203,0
6.172,1187,1187,0,1207,1203,0
6.186,1182,1187,0,1205,1203,0
6.197,1190,1187,0,1204,1203,0
6.209,1190,1187,0,1202,1203,0
6.222,1187,1187,0,1202,1203,0
6.235,1198,1187,0,1203,1203,0
6.248,1186,1187,0,1208,1203,0
6.262,1193,1187,0,1206,1203,0
6.274,1189,1187,0,1208,1203,0
6.286,1187,1187,0,1205,1203,0
6.297,1192,1187,0,1207,1203,0
6.307,1187,1187,0,1206,1203,0
6.316,1189,1187,0,1204,1203,0
6.329,1188,1187,0,1208,1203,0
6.341,1190,1187,0,1211,1203,0
6.351,1188,1187,0,1204,1203,0
6.361,1191,1187,0,1203,1203,0
6.372,1191,1187,0,1203,1203,0
6.383,1190,1187,0,1201,1203,0
6.391,1184,1187,0,1201,1203,0
6.404,1193,1187,0,1203,1203,0
6.416,1187,1187,0,1201,1203,0
6.427,1190,1188,0,1210,1203,0
6.439,1189,1188,0,1198,1203,0
6.452,1189,1188,0,1207,1203,0
6.465,1203,1188,0,1207,1203,0
6.477,1190,1188,0,1210,1203,0
6.489,1200,1188,0,1207,1203,0
6.501,1191,1188,0,1205,1203,0
6.513,1199,1188,0,1203,1203,0
6.53,1194,1188,0,1204,1203,0
6.541,1196,1188,0,1205,1203,0
6.554,1203,1188,0,1208,1203,0
6.567,1194,1188,0,1206,1203,0
6.581,1194,1188,0,1204,1203,0
6.593,1199,1188,0,1209,1203,0
6.606,1202,1188,0,1203,1203,0
6.621,1206,1188,0,1207,1203,0
6.633,1214,1188,0,1209,1203,0
6.645,1211,1188,0,1210,1203,0
6.657,1232,1188,44,1206,1203,0
6.668,1244,1188,56,1207,1203,0
6.68,1286,1188,98,1201,1203,0
6.692,1420,1188,232,1206,1203,0
6.705,1442,1188,254,1208,1203,0
6.718,1449,1188,261,1205,1203,0
6.731,1457,1188,269,1203,1203,0
6.743,1464,1188,276,1201,1203,0
6.754,1466,1188,278,1204,1203,0
6.765,1463,1188,275,1202,1203,0
6.776,1463,1188,275,1210,1203,0
6.786,1465,1188,277,1200,1203,0
6.797,1471,1188,283,1200,1203,0
6.807,1469,1188,281,1201,1203,0
6.819,1466,1188,278,1208,1203,0
6.829,1470,1188,282,1202,1203,0
6.84,1468,1188,280,1213,1203,0
6.849,1464,1188,276,1204,1203,0
6.862,1460,1188,272,1206,1203,0
6.875,1442,1188,254,1200,1203,0
6.887,1350,1188,162,1207,1203,0
6.899,1259,1188,71,1203,1203,0
6.913,1221,1188,0,1204,1203,0
6.924,1201,1188,0,1206,1203,0
6.933,1195,1188,0,1202,1203,0
6.941,1192,1188,0,1205,1203,0
6.95,1191,1188,0,1205,1203,0
6.958,1185,1188,0,1202,1203,0
6.968,1188,1188,0,1214,1203,0
6.976,1189,1188,0,1203,1203,0
6.987,1194,1188,0,1208,1203,0
6.995,1184,1188,0,1203,1203,0
7.004,1188,1188,0,1200,1203,0
7.012,1190,1188,0,1202,1203,0
7.02,1186,1188,0,1200,1203,0
7.028,1185,1188,0,1201,1203,0
7.036,1194,1188,0,1205,1203,0
7.044,1185,1188,0,1204,1203,0
7.052,1187,1188,0,1204,1203,0
7.06,1185,1188,0,1204,1203,0
7.069,1186,1188,0,1202,1203,0
7.077,1187,1188,0,1208,1203,0
7.084,1187,1188,0,1205,1203,0
7.093,1194,1188,0,1200,1203,0
7.101,1186,1188,0,1203,1203,0
7.108,1184,1188,0,1208,1203,0
7.116,1185,1188,0,1204,1203,0
7.124,1184,1188,0,1204,1203,0
7.132,1183,1188,0,1202,1203,0
7.14,1190,1188,0,1209,1203,0
7.148,1185,1188,0,1202,1203,0
7.156,1186,1188,0,1207,1203,0
7.164,1192,1188,0,1208,1203,0
7.173,1184,1188,0,1210,1203,0
7.183,1185,1188,0,1207,1203,0
7.193,1189,1188,0,1203,1203,0
7.202,1191,1188,0,1203,1203,0
7.215,1188,1188,0,1199,1203,0
7.225,1185,1188,0,1204,1203,0
7.237,1182,1188,0,1201,1203,0
7.249,1186,1188,0,1204,1203,0
7.26,1193,1188,0,1209,1203,0
7.27,1186,1188,0,1213,1203,0
7.278,1186,1188,0,1203,1203,0
7.287,1187,1188,0,1200,1203,0
7.295,1184,1188,0,1208,1203,0
7.304,1187,1188,0,1204,1203,0
7.313,1184,1188,0,1201,1203,0
7.322,1187,1188,0,1211,1203,0
7.331,1181,1188,0,1201,1203,0
7.341,1185,1188,0,1203,1203,0
7.351,1185,1188,0,1202,1203,0
7.362,1189,1188,0,1202,1203,0
7.372,1186,1188,0,1204,1203,0
7.382,1195,1188,0,1208,1203,0
7.392,1190,1188,0,1205,1203,0
7.403,1184,1188,0,1203,1203,0
7.414,1185,1188,0,1199,1203,0
7.423,1185,1188,0,1205,1203,0
7.432,1186,1188,0,1200,1203,0
7.442,1188,1188,0,1200,1203,0
7.452,1186,1188,0,1203,1203,0
7.461,1183,1188,0,1202,1203,0
7.471,1189,1188,0,1204,1203,0
7.483,1183,1188,0,1203,1203,0
7.492,1185,1188,0,1202,1203,0
7.503,1187,1188,0,1205,1203,0
7.514,1182,1188,0,1200,1203,0
7.527,1188,1188,0,1199,1203,0
7.539,1181,1188,0,1205,1203,0
7.547,1188,1188,0,1206,1203,0
7.557,1188,1188,0,1205,1203,0
7.567,1183,1188,0,1204,1203,0
7.576,1186,1188,0,1208,1203,0
7.593,1188,1188,0,1205,1203,0
7.601,1189,1188,0,1207,1203,0
7.612,1186,1188,0,1205,1203,0
7.62,1187,1188,0,1201,1203,0
7.629,1186,1188,0,1204,1203,0
7.638,1190,1188,0,1198,1203,0
7.647,1184,1188,0,1205,1203,0
7.655,1184,1188,0,1201,1203,0
7.663,1185,1188,0,1207,1203,0
7.671,1185,1188,0,1204,1203,0
7.678,1184,1188,0,1202,1203,0
7.687,1187,1188,0,1205,1203,0
7.699,1189,1188,0,1204,1203,0
7.709,1186,1188,0,1204,1203,0
7.717,1183,1188,0,1205,1203,0
7.727,1186,1188,0,1204,1203,0
7.736,1182,1188,0,1205,1203,0
7.745,1185,1187,0,1199,1203,0
7.755,1184,1187,0,1205,1203,0
7.763,1188,1187,0,1202,1203,0
7.774,1193,1188,0,1198,1203,0
7.783,1187,1187,0,1208,1203,0
7.794,1189,1188,0,1200,1203,0
7.805,1189,1188,0,1202,1203,0
7.814,1185,1187,0,1207,1203,0
7.826,1186,1187,0,1198,1203,0
7.837,1189,1187,0,1197,1203,0
7.85,1188,1187,0,1200,1203,0
7.863,1192,1188,0,1207,1203,0
7.874,1188,1188,0,1198,1203,0
7.887,1187,1187,0,1206,1203,0
7.896,1188,1187,0,1207,1203,0
7.906,1187,1187,0,1200,1203,0
7.918,1186,1187,0,1202,1203,0
7.93,1188,1187,0,1206,1203,0
7.941,1188,1187,0,1203,1203,0
7.953,1192,1188,0,1199,1203,0
7.965,1185,1187,0,1202,1203,0
7.974,1185,1187,0,1198,1203,0
7.986,1187,1187,0,1210,1203,0
7.999,1191,1187,0,1208,1203,0
8.01,1191,1187,0,1207,1203,0
8.019,1191,1188,0,1203,1203,0
8.028,1186,1187,0,1207,1203,0
8.047,1190,1188,0,1206,1203,0
8.056,1191,1188,0,1202,1203,0
8.065,1190,1188,0,1201,1203,0
8.075,1187,1188,0,1208,1203,0
8.084,1188,1188,0,1205,1203,0
8.097,1191,1188,0,1204,1203,0
8.106,1187,1188,0,1209,1203,0
8.115,1186,1187,0,1202,1203,0
8.128,1186,1187,0,1202,1203,0
8.139,1186,1187,0,1202,1203,0
8.151,1186,1187,0,1202,1203,0
8.164,1195,1187,0,1202,1203,0
8.176,1190,1188,0,1204,1203,0
8.187,1186,1187,0,1209,1203,0
8.198,1191,1188,0,1204,1203,0
8.211,1190,1188,0,1202,1203,0
8.219,1196,1188,0,1203,1203,0
8.23,1199,1188,0,1210,1203,0
8.241,1218,1188,0,1206,1203,0
8.25,1324,1188,136,1207,1203,0
8.261,1414,1188,226,1207,1203,0
8.273,1419,1188,231,1206,1203,0
8.284,1431,1188,243,1202,1203,0
8.294,1436,1188,248,1204,1203,0
8.303,1445,1188,257,1202,1203,0
8.313,1446,1188,258,1205,1203,0
8.324,1450,1188,262,1209,1203,0
8.332,1455,1188,267,1211,1203,0
8.343,1452,1188,264,1207,1203,0
8.354,1454,1188,266,1206,1203,0
8.365,1459,1188,271,1204,1203,0
8.377,1456,1188,268,1211,1203,0
8.388,1457,1188,269,1204,1203,0
8.397,1454,1188,266,1202,1203,0
8.406,1449,1188,261,1204,1203,0
8.416,1442,1188,254,1205,1203,0
8.427,1431,1188,243,1208,1203,0
8.436,1401,1188,213,1203,1203,0
8.447,1331,1188,143,1209,1203,0
8.457,1254,1188,66,1202,1203,0
8.467,1217,1188,0,1205,1203,0
8.477,1201,1188,0,1207,1203,0
8.484,1193,1188,0,1203,1203,0
8.493,1190,1188,0,1202,1203,0
8.5,1188,1188,0,1201,1203,0
8.508,1186,1188,0,1201,1203,0
8.516,1192,1188,0,1213,1203,0
8.527,1191,1188,0,1203,1203,0
8.536,1187,1188,0,1203,1203,0
8.545,1188,1188,0,1203,1203,0
8.555,1187,1188,0,1199,1203,0
8.566,1183,1188,0,1207,1203,0
8.575,1189,1188,0,1204,1203,0
8.584,1189,1188,0,1203,1203,0
8.596,1186,1188,0,1205,1203,0
8.606,1191,1188,0,1205,1203,0
8.617,1185,1188,0,1204,1203,0
8.629,1189,1188,0,1199,1203,0
8.64,1184,1188,0,1199,1203,0
8.651,1188,1188,0,1204,1203,0
8.663,1185,1188,0,1202,1203,0
8.674,1189,1188,0,1210,1203,0
8.682,1184,1188,0,1211,1203,0
8.691,1184,1188,0,1209,1203,0
8.699,1186,1188,0,1210,1203,0
8.711,1186,1188,0,1206,1203,0
8.722,1189,1188,0,1202,1203,0
8.732,1190,1188,0,1200,1203,0
8.742,1185,1188,0,1208,1203,0
8.749,1186,1188,0,1201,1203,0
8.76,1195,1188,0,1201,1203,0
8.77,1187,1188,0,1203,1203,0
8.78,1186,1188,0,1206,1203,0
8.789,1189,1188,0,1208,1203,0
8.798,1185,1188,0,1210,1203,0
8.81,1184,1188,0,1206,1203,0
8.822,1185,1188,0,1207,1203,0
8.832,1185,1188,0,1203,1203,0
8.844,1190,1188,0,1210,1203,0
8.855,1195,1188,0,1205,1203,0
8.868,1186,1188,0,1198,1203,0
8.881,1194,1188,0,1203,1203,0
8.892,1188,1188,0,1207,1203,0
8.902,1182,1188,0,1199,1203,0
8.911,1185,1188,0,1203,1203,0
8.922,1182,1188,0,1199,1203,0
8.932,1186,1188,0,1203,1203,0
8.943,1188,1188,0,1203,1203,0
8.954,1188,1188,0,1202,1203,0
8.963,1186,1188,0,1207,1203,0
8.973,1190,1188,0,1201,1203,0
8.984,1185,1188,0,1207,1203,0
8.995,1185,1188,0,1209,1203,0
9.007,1191,1188,0,1206,1203,0
9.015,1183,1188,0,1205,1203,0
9.025,1185,1187,0,1206,1203,0
9.036,1182,1187,0,1207,1203,0
9.047,1185,1187,0,1202,1203,0
9.057,1182,1187,0,1205,1203,0
9.069,1186,1187,0,1205,1203,0
9.082,1184,1187,0,1208,1203,0
9.096,1185,1187,0,1206,1203,0
9.106,1184,1187,0,1199,1203,0
9.117,1194,1187,0,1205,1203,0
9.125,1186,1187,0,1205,1203,0
9.133,1190,1187,0,1199,1203,0
9.14,1185,1187,0,1205,1203,0
9.147,1191,1187,0,1199,1203,0
9.154,1184,1187,0,1202,1203,0
9.162,1187,1187,0,1205,1203,0
9.169,1187,1187,0,1208,1203,0
9.178,1195,1187,0,1206,1203,0
9.185,1187,1187,0,1205,1203,0
9.194,1201,1187,0,1211,1203,0
9.201,1188,1187,0,1206,1203,0
9.209,1186,1187,0,1203,1203,0
9.216,1190,1187,0,1198,1203,0
9.223,1188,1187,0,1206,1203,0
9.233,1187,1187,0,1203,1203,0
9.241,1188,1187,0,1199,1203,0
9.25,1190,1187,0,1206,1203,0
9.259,1191,1187,0,1201,1203,0
9.268,1191,1187,0,1205,1203,0
9.276,1190,1187,0,1207,1203,0
9.286,1193,1188,0,1210,1203,0
9.293,1192,1188,0,1204,1203,0
9.302,1193,1188,0,1205,1203,0
9.312,1196,1188,0,1203,1203,0
9.322,1191,1188,0,1201,1203,0
9.332,1191,1188,0,1207,1203,0
9.341,1197,1188,0,1199,1203,0
9.351,1192,1188,0,1206,1203,0
9.36,1194,1188,0,1207,1203,0
9.371,1196,1188,0,1206,1203,0
9.384,1197,1188,0,1208,1203,0
9.396,1197,1188,0,1202,1203,0
9.408,1196,1188,0,1201,1203,0
9.417,1197,1188,0,1208,1203,0
9.427,1201,1188,0,1204,1203,0
9.436,1200,1188,0,1206,1203,0
9.445,1202,1188,0,1209,1203,0
9.453,1200,1188,0,1203,1203,0
9.464,1202,1188,0,1204,1203,0
9.477,1207,1188,0,1205,1203,0
9.488,1216,1188,0,1208,1203,0
9.501,1228,1188,0,1212,1203,0
9.512,1255,1188,67,1206,1203,0
9.523,1368,1188,180,1203,1203,0
9.534,1436,1188,248,1206,1203,0
9.545,1448,1188,260,1208,1203,0
9.554,1450,1188,262,1203,1203,0
9.562,1457,1188,269,1209,1203,0
9.571,1454,1188,266,1214,1203,0
9.582,1466,1188,278,1210,1203,0
9.592,1460,1188,272,1204,1203,0
9.603,1463,1188,275,1208,1203,0
9.613,1461,1188,273,1203,1203,0
9.623,1465,1188,277,1206,1203,0
9.633,1467,1188,279,1208,1203,0
9.644,1466,1188,278,1202,1203,0
9.653,1468,1188,280,1208,1203,0
9.662,1465,1188,277,1208,1203,0
9.671,1465,1188,277,1207,1203,0
9.68,1460,1188,272,1200,1203,0
9.688,1462,1188,274,1209,1203,0
9.697,1454,1188,266,1202,1203,0
9.707,1451,1188,263,1202,1203,0
9.717,1430,1188,242,1203,1203,0
9.727,1378,1188,190,1203,1203,0
9.738,1305,1188,117,1203,1203,0
9.748,1249,1188,61,1208,1203,0
9.758,1223,1188,0,1205,1203,0
9.767,1214,1189,0,1206,1203,0
9.775,1198,1189,0,1205,1203,0
9.784,1197,1189,0,1205,1203,0
9.794,1197,1189,0,1204,1203,0
9.801,1195,1189,0,1206,1203,0
9.808,1195,1189,0,1203,1203,0
9.816,1192,1189,0,1201,1203,0
9.825,1190,1189,0,1206,1203,0
9.832,1187,1189,0,1202,1203,0
9.84,1188,1189,0,1205,1203,0
9.852,1186,1189,0,1204,1203,0
9.865,1186,1189,0,1206,1203,0
9.877,1194,1189,0,1207,1203,0
9.887,1188,1189,0,1205,1203,0
9.897,1189,1189,0,1207,1203,0
9.908,1190,1189,0,1208,1203,0
9.921,1188,1189,0,1198,1203,0
9.931,1191,1189,0,1207,1203,0
9.941,1184,1189,0,1206,1203,0
9.953,1186,1189,0,1204,1203,0
9.964,1185,1189,0,1206,1203,0
9.974,1188,1189,0,1199,1203,0
9.986,1183,1189,0,1204,1203,0
9.995,1188,1189,0,1209,1203,0
10.006,1184,1189,0,1200,1203,0
10.018,1187,1189,0,1210,1203,0
10.027,1191,1189,0,1210,1203,0
10.037,1186,1189,0,1205,1203,0
10.047,1184,1188,0,1204,1203,0
10.058,1185,1188,0,1201,1203,0
10.069,1187,1188,0,1208,1203,0
10.081,1186,1188,0,1204,1203,0
10.092,1195,1188,0,1206,1203,0
10.102,1186,1188,0,1208,1203,0
10.112,1185,1188,0,1202,1203,0
10.12,1185,1188,0,1198,1203,0
10.128,1185,1188,0,1203,1203,0
10.141,1184,1188,0,1205,1203,0
10.149,1186,1188,0,1210,1203,0
10.157,1183,1188,0,1199,1203,0
10.166,1188,1188,0,1202,1203,0
10.175,1184,1188,0,1202,1203,0
10.185,1183,1188,0,1203,1203,0
10.196,1187,1188,0,1200,1203,0
10.207,1187,1188,0,1203,1203,0
10.215,1196,1188,0,1199,1203,0
10.225,1183,1188,0,1203,1203,0
10.237,1182,1188,0,1204,1203,0
10.248,1190,1188,0,1205,1203,0
10.259,1193,1188,0,1208,1203,0
10.271,1188,1188,0,1207,1203,0
10.284,1185,1188,0,1204,1203,0
10.296,1187,1188,0,1206,1203,0
10.305,1188,1188,0,1199,1203,0
10.319,1188,1188,0,1202,1203,0
10.327,1193,1188,0,1205,1203,0
10.337,1187,1188,0,1197,1203,0
10.347,1188,1188,0,1202,1203,0
10.356,1188,1188,0,1204,1203,0
10.364,1187,1188,0,1206,1203,0
10.372,1187,1188,0,1200,1203,0
10.381,1187,1188,0,1206,1203,0
10.393,1188,1188,0,1202,1203,0
10.405,1187,1188,0,1205,1203,0
10.416,1188,1188,0,1207,1203,0
10.428,1188,1188,0,1206,1203,0
10.436,1187,1188,0,1207,1203,0
10.446,1188,1188,0,1199,1203,0
10.458,1188,1188,0,1204,1203,0
10.467,1188,1188,0,1203,1203,0
10.476,1187,1188,0,1207,1203,0
10.485,1189,1188,0,1208,1203,0
10.494,1187,1188,0,1206,1203,0
10.504,1189,1188,0,1200,1203,0
10.517,1189,1188,0,1206,1203,0
10.529,1188,1188,0,1204,1203,0
10.54,1197,1188,0,1202,1203,0
10.551,1193,1188,0,1202,1203,0
10.562,1191,1188,0,1206,1203,0
10.57,1192,1188,0,1204,1203,0
10.58,1193,1188,0,1207,1203,0
10.588,1197,1188,0,1200,1203,0
10.597,1196,1188,0,1207,1203,0
10.607,1192,1188,0,1201,1203,0
10.617,1196,1188,0,1205,1203,0
10.629,1196,1188,0,1205,1203,0
10.641,1196,1188,0,1202,1203,0
10.651,1192,1188,0,1202,1203,0
10.66,1197,1188,0,1209,1203,0
10.673,1198,1188,0,1206,1203,0
10.684,1196,1189,0,1203,1203,0
10.695,1199,1189,0,1202,1203,0
10.708,1194,1189,0,1204,1203,0
10.719,1201,1189,0,1210,1203,0
10.732,1196,1189,0,1208,1203,0
10.745,1200,1189,0,1206,1203,0
10.755,1199,1189,0,1200,1203,0
10.764,1201,1189,0,1204,1203,0
10.775,1195,1189,0,1205,1203,0
